1.000000000000000000e+00 9.708126332548153714e-01
4.158730158730158166e+00 9.181434832415859004e-01
7.317460317460317221e+00 8.575335701791785281e-01
1.047619047619047628e+01 8.036237760199737012e-01
1.363492063492063444e+01 7.409124345735401684e-01
1.679365079365079083e+01 6.926998357701172893e-01
1.995238095238095255e+01 5.111431977818289285e-01
2.311111111111111072e+01 9.741607592558866324e-01
2.626984126984126888e+01 4.978585569252629295e-01
2.942857142857142705e+01 4.564211142336630500e-01
3.258730158730158166e+01 7.763373830197173309e-01
3.574603174603174693e+01 4.036318420165185272e-01
3.890476190476190510e+01 3.695800066433431175e-01
4.206349206349206327e+01 3.028244050942782706e-01
4.522222222222222143e+01 3.065641828616854636e-01
4.838095238095237960e+01 3.404723638521040541e-01
5.153968253968253777e+01 3.320411710568682562e-01
5.469841269841269593e+01 2.035108545802876145e-01
5.785714285714285410e+01 2.150060493253495575e-01
6.101587301587301226e+01 1.568139779960862068e-01
6.417460317460316332e+01 1.233181847468350911e-01
6.733333333333332860e+01 1.535404228495294565e-01
7.049206349206349387e+01 1.372637713213273325e-01
7.365079365079364493e+01 1.221794442196831865e-01
7.680952380952381020e+01 1.106957306931209417e-01
7.996825396825396126e+01 5.085151611503452296e-02
8.312698412698412653e+01 5.154728922211931907e-02
8.628571428571427759e+01 1.448558113006145343e-01
8.944444444444444287e+01 4.883885705681412226e-02
9.260317460317459393e+01 6.466703747087998444e-02
9.576190476190475920e+01 5.597553863637960703e-02
9.892063492063491026e+01 3.139121095989932941e-02
1.020793650793650755e+02 3.172241902467382024e-02
1.052380952380952408e+02 -6.000607984091022029e-03
1.083968253968253919e+02 2.723193353298247743e-02
1.115555555555555571e+02 2.499307938265482587e-02
1.147142857142857082e+02 1.577788261388601843e-02
1.178730158730158735e+02 2.490237413036933134e-02
1.210317460317460245e+02 5.756056903810313763e-02
1.241904761904761898e+02 -1.143522460014925746e-01
1.273492063492063409e+02 7.357773842359249805e-03
1.305079365079365061e+02 2.109238848977956771e-03
1.336666666666666572e+02 1.446801110871315244e-02
1.368253968253968083e+02 9.235285399813442098e-03
1.399841269841269877e+02 4.339470160608427385e-03
1.431428571428571388e+02 -2.990673113846062381e-01
1.463015873015872899e+02 -1.824515390770498069e-03
1.494603174603174409e+02 -4.488653843349262651e+00
1.526190476190476204e+02 -3.572308638973648698e+00
1.557777777777777715e+02 3.572478310632098975e-02
1.589365079365079225e+02 3.432628939098480991e-02
1.620952380952381020e+02 7.820648276460340220e-04
1.652539682539682531e+02 6.396950112194044191e-03
1.684126984126984041e+02 -5.385227540403991764e-03
1.715714285714285552e+02 -6.350818816866027561e+00
1.747301587301587347e+02 8.577822318392658296e-03
1.778888888888888857e+02 -3.128482920878694618e-03
1.810476190476190368e+02 -5.801146457239817478e-01
1.842063492063491879e+02 -1.656771495244079517e+00
1.873650793650793673e+02 -6.762636617562769459e-01
1.905238095238095184e+02 8.475007679896562340e-03
1.936825396825396695e+02 -7.006445781874703904e-04
1.968412698412698205e+02 -1.746402536894509083e-03
2.000000000000000000e+02 4.870119537484896011e-03
