1.000000000000000000e+00 9.707388115542356921e-01
1.301587301587301626e+00 9.562058138507103511e-01
1.603174603174603252e+00 9.635849350140405223e-01
1.904761904761904656e+00 9.374183762238301743e-01
2.206349206349206504e+00 9.437460303442202214e-01
2.507936507936507908e+00 9.488327550867744486e-01
2.809523809523809312e+00 9.358094828033379775e-01
3.111111111111111160e+00 9.847377780335102582e-01
3.412698412698412564e+00 9.136009749648954514e-01
3.714285714285713969e+00 9.098074614284243911e-01
4.015873015873015817e+00 9.178871281200784438e-01
4.317460317460317221e+00 9.104951565240874123e-01
4.619047619047618625e+00 8.530581062983642049e-01
4.920634920634920917e+00 8.875482654053356013e-01
5.222222222222222321e+00 8.805577685317849124e-01
5.523809523809523725e+00 8.666652618969759025e-01
5.825396825396825129e+00 8.728314939391060845e-01
6.126984126984126533e+00 8.414676459679749643e-01
6.428571428571427937e+00 8.607396459211045237e-01
6.730158730158730229e+00 8.486478817811143882e-01
7.031746031746031633e+00 8.330269646694681285e-01
7.333333333333333037e+00 7.769758925520829917e-01
7.634920634920634441e+00 8.399049021893978395e-01
7.936507936507935845e+00 8.419778697128055267e-01
8.238095238095237249e+00 8.236388538238859081e-01
8.539682539682539542e+00 8.395947459153887404e-01
8.841269841269841834e+00 8.352407373347157105e-01
9.142857142857142350e+00 8.251375333986813443e-01
9.444444444444444642e+00 7.419823234186082583e-01
9.746031746031745158e+00 8.084238783670956163e-01
1.004761904761904745e+01 7.892167353161743115e-01
1.034920634920634797e+01 7.464053342646588263e-01
1.065079365079365026e+01 7.711856497324452997e-01
1.095238095238095255e+01 7.874139389452214921e-01
1.125396825396825307e+01 7.818492953828224401e-01
1.155555555555555536e+01 9.572346681297249082e-01
1.185714285714285587e+01 7.535086805327536608e-01
1.215873015873015817e+01 7.115331615413714728e-01
1.246031746031746046e+01 7.797278578625785883e-01
1.276190476190476097e+01 7.125659365909864373e-01
1.306349206349206327e+01 7.602420531046891750e-01
1.336507936507936378e+01 7.042809825205200713e-01
1.366666666666666607e+01 6.990563442446816600e-01
1.396825396825396837e+01 7.517981358746542719e-01
1.426984126984126888e+01 5.920799675451356991e-01
1.457142857142857117e+01 7.255794346909574255e-01
1.487301587301587169e+01 7.270716932859042636e-01
1.517460317460317398e+01 7.205282123931953109e-01
1.547619047619047450e+01 6.659037613449428905e-01
1.577777777777777679e+01 5.897186369517031235e-01
1.607936507936507908e+01 6.470498261826809205e-01
1.638095238095237960e+01 6.404922237112755656e-01
1.668253968253968367e+01 6.505654406486681696e-01
1.698412698412698063e+01 6.341167106531738762e-01
1.728571428571428470e+01 6.292545812077561251e-01
1.758730158730158522e+01 6.254695093451408949e-01
1.788888888888888928e+01 6.119940672096693124e-01
1.819047619047618980e+01 6.417600648299983668e-01
1.849206349206349032e+01 6.747892866267790613e-01
1.879365079365079438e+01 6.657586616257898937e-01
1.909523809523809490e+01 6.663550269020207528e-01
1.939682539682539542e+01 5.009492781735406242e-01
1.969841269841269593e+01 5.762497390801638586e-01
2.000000000000000000e+01 6.539453191787636399e-01
