2.500000000000000139e-02 -9.033878268095788533e-01
3.196078431372549600e-02 -8.709982734751025024e-01
3.892156862745098367e-02 -8.532286451672099759e-01
4.588235294117647134e-02 -8.045287485497131241e-01
5.284313725490196595e-02 -7.782388005195401970e-01
5.980392156862745362e-02 -7.324286248267906085e-01
6.676470588235294823e-02 -6.800811834779580956e-01
7.372549019607843590e-02 -6.479451491311984945e-01
8.068627450980392357e-02 -5.730057032523769855e-01
8.764705882352941124e-02 -5.393049485129942644e-01
9.460784313725489891e-02 -4.690239576839738689e-01
1.015686274509804143e-01 -4.077214149076284766e-01
1.085294117647059020e-01 -3.613367369344790969e-01
1.154901960784313897e-01 -2.713092097041504003e-01
1.224509803921568774e-01 -2.339298833649077758e-01
1.294117647058823650e-01 -1.462338301878200464e-01
1.363725490196078527e-01 -8.583529229614789147e-02
1.433333333333333404e-01 -2.752575930335732224e-02
1.502941176470588280e-01 6.377840882290103375e-02
1.572549019607843157e-01 1.020793768469311913e-01
1.642156862745098034e-01 1.960245810453408732e-01
1.711764705882353188e-01 2.478350907853011931e-01
1.781372549019608065e-01 3.121554209938153801e-01
1.850980392156862941e-01 3.919688874508490128e-01
1.920588235294117818e-01 4.290420310185586450e-01
1.990196078431372695e-01 5.154340469499858468e-01
2.059803921568627572e-01 5.544856814846805815e-01
2.129411764705882448e-01 6.159297227552746890e-01
2.199019607843137603e-01 6.751519467450096679e-01
2.268627450980392479e-01 7.074722191625453238e-01
2.338235294117647356e-01 7.732579454679903153e-01
2.407843137254902233e-01 7.985709616910634523e-01
2.477450980392157109e-01 8.458436815238333795e-01
2.547058823529412264e-01 8.802631278091123113e-01
2.616666666666667140e-01 9.029283161927287304e-01
2.686274509803922017e-01 9.390237344600509406e-01
2.755882352941176894e-01 9.509233511173723619e-01
2.825490196078431770e-01 9.735644162920725764e-01
2.895098039215686647e-01 9.840476647499291074e-01
2.964705882352941524e-01 9.907013826908723786e-01
3.034313725490196401e-01 9.941400477443964601e-01
3.103921568627451832e-01 9.928170865162574410e-01
3.173529411764706709e-01 9.837956033455881322e-01
3.243137254901961586e-01 9.746789142166750741e-01
3.312745098039216463e-01 9.590818007453458804e-01
3.382352941176471339e-01 9.332217083911888977e-01
3.451960784313726216e-01 9.180705481233913945e-01
3.521568627450981093e-01 8.761205998825400965e-01
3.591176470588235969e-01 8.532130461232090290e-01
3.660784313725490846e-01 8.115457918695390127e-01
3.730392156862745723e-01 7.644733989905899696e-01
3.800000000000000600e-01 7.344053921757457415e-01
3.869607843137255476e-01 6.647481165377510104e-01
3.939215686274510353e-01 6.332810583454023812e-01
4.008823529411765230e-01 5.661499341095032056e-01
4.078431372549020106e-01 5.084739108353482084e-01
4.148039215686275538e-01 4.630398198186611580e-01
4.217647058823530415e-01 3.764784225997692135e-01
4.287254901960785292e-01 3.401552279746821172e-01
4.356862745098040168e-01 2.535441841333014867e-01
4.426470588235295045e-01 1.951021739923206044e-01
4.496078431372549922e-01 1.365580748589839688e-01
4.565686274509804798e-01 4.632459531368793293e-02
4.635294117647059675e-01 7.620547167186630944e-03
4.704901960784314552e-01 -8.721152138475424254e-02
4.774509803921569429e-01 -1.388125524505212094e-01
4.844117647058824305e-01 -2.053983633353574922e-01
4.913725490196079182e-01 -2.862391044514695504e-01
4.983333333333334059e-01 -3.248522320862871071e-01
5.052941176470588935e-01 -4.147241367612972684e-01
5.122549019607843812e-01 -4.547218953040338407e-01
5.192156862745098689e-01 -5.202138999245491391e-01
5.261764705882353566e-01 -5.822326407823272820e-01
5.331372549019608442e-01 -6.174970651264938271e-01
5.400980392156863319e-01 -6.884432544115809405e-01
5.470588235294118196e-01 -7.160072058634993075e-01
5.540196078431373072e-01 -7.691088309661636702e-01
5.609803921568627949e-01 -8.074249758365004137e-01
5.679411764705882826e-01 -8.340608094080561585e-01
5.749019607843137702e-01 -8.768183521297674421e-01
5.818627450980392579e-01 -8.914819441486669938e-01
5.888235294117648566e-01 -9.211981706279277482e-01
5.957843137254903443e-01 -9.359858405898093814e-01
6.027450980392158320e-01 -9.474956854311704646e-01
6.097058823529413196e-01 -9.581595683385327744e-01
6.166666666666668073e-01 -9.599234265988161319e-01
6.236274509803922950e-01 -9.584154331069290045e-01
6.305882352941177826e-01 -9.535746264608579992e-01
6.375490196078432703e-01 -9.432263427500587882e-01
6.445098039215687580e-01 -9.240459894726718026e-01
6.514705882352942456e-01 -9.119616796285894278e-01
6.584313725490197333e-01 -8.772183751875579638e-01
6.653921568627452210e-01 -8.579112661546710594e-01
6.723529411764707087e-01 -8.211735360703902309e-01
6.793137254901961963e-01 -7.797897688928747684e-01
6.862745098039216840e-01 -7.522502068179587331e-01
6.932352941176471717e-01 -6.886729157173798743e-01
7.001960784313726593e-01 -6.598290901504009209e-01
7.071568627450981470e-01 -5.964796462152938128e-01
7.141176470588236347e-01 -5.429205999029802499e-01
7.210784313725491224e-01 -4.990972088939961138e-01
7.280392156862746100e-01 -4.167317388039071813e-01
7.350000000000000977e-01 -3.817572086781854113e-01
7.419607843137255854e-01 -2.974056208647019028e-01
7.489215686274510730e-01 -2.415207154145686541e-01
7.558823529411765607e-01 -1.830878488426939676e-01
7.628431372549020484e-01 -9.472930448266431158e-02
7.698039215686275361e-01 -5.626835928775908435e-02
7.767647058823530237e-01 3.868241408054762243e-02
7.837254901960785114e-01 8.949822581001798394e-02
7.906862745098039991e-01 1.574626692488467761e-01
7.976470588235294867e-01 2.385812076281700889e-01
8.046078431372550854e-01 2.784013747918765991e-01
8.115686274509805731e-01 3.703634702365737330e-01
8.185294117647060608e-01 4.114656672377928204e-01
8.254901960784315484e-01 4.802228764652045623e-01
8.324509803921570361e-01 5.441998802922348721e-01
8.394117647058825238e-01 5.819706350363855751e-01
8.463725490196080115e-01 6.573437254329704826e-01
8.533333333333334991e-01 6.868672324701730059e-01
8.602941176470589868e-01 7.449500700606903614e-01
8.672549019607844745e-01 7.865596442701459079e-01
8.742156862745099621e-01 8.170800809969670508e-01
8.811764705882354498e-01 8.655526072228404422e-01
8.881372549019609375e-01 8.829527362282318936e-01
8.950980392156864252e-01 9.189767485984567941e-01
9.020588235294119128e-01 9.379164885426969356e-01
9.090196078431374005e-01 9.540036814919027330e-01
9.159803921568628882e-01 9.710936813134108947e-01
9.229411764705883758e-01 9.759102597655148204e-01
9.299019607843138635e-01 9.814807384309517380e-01
9.368627450980393512e-01 9.806692477146597975e-01
9.438235294117648388e-01 9.753266289152497936e-01
9.507843137254903265e-01 9.625929869028229113e-01
9.577450980392158142e-01 9.534937730622714547e-01
9.647058823529413019e-01 9.256599094225491653e-01
9.716666666666667895e-01 9.099169126486709169e-01
9.786274509803922772e-01 8.779614763740118955e-01
9.855882352941177649e-01 8.420865633944010220e-01
9.925490196078432525e-01 8.171339115017137722e-01
9.995098039215687402e-01 7.594197087028484727e-01
1.006470588235294228e+00 7.333167186032383267e-01
1.013431372549019605e+00 6.739345744198030896e-01
1.020392156862745203e+00 6.244445640145332987e-01
1.027352941176470580e+00 5.823731581465796392e-01
1.034313725490196179e+00 5.040924204914043472e-01
1.041274509803921555e+00 4.708075557263033395e-01
1.048235294117647154e+00 3.886072740955592297e-01
1.055196078431372531e+00 3.351561311257970632e-01
1.062156862745098129e+00 2.770914786511974870e-01
1.069117647058823506e+00 1.908925339824938949e-01
1.076078431372549105e+00 1.526415249866889812e-01
1.083039215686274481e+00 5.777158384172581540e-02
1.090000000000000080e+00 8.019767838176983243e-03
1.096960784313725457e+00 -6.150438045808859222e-02
1.103921568627451055e+00 -1.426127579590296124e-01
1.110882352941176432e+00 -1.834315272100506267e-01
1.117843137254902031e+00 -2.776835178376924618e-01
1.124803921568627407e+00 -3.191607367574714749e-01
1.131764705882353006e+00 -3.914432192794870535e-01
1.138725490196078383e+00 -4.571915513598009406e-01
1.145686274509803981e+00 -4.974020144651178366e-01
1.152647058823529580e+00 -5.771923517982738838e-01
1.159607843137254957e+00 -6.081404979530569133e-01
1.166568627450980555e+00 -6.716689676315644730e-01
1.173529411764705932e+00 -7.164175958866553229e-01
1.180490196078431531e+00 -7.506978465197585715e-01
1.187450980392156907e+00 -8.051339164455491026e-01
1.194411764705882506e+00 -8.249226700444238780e-01
1.201372549019607883e+00 -8.680379490882367266e-01
1.208333333333333481e+00 -8.904919127521119249e-01
1.215294117647058858e+00 -9.116262142657121093e-01
1.222254901960784457e+00 -9.354960425150479209e-01
1.229215686274509833e+00 -9.431514671823895135e-01
1.236176470588235432e+00 -9.565450508678475794e-01
1.243137254901960809e+00 -9.595139674923643947e-01
1.250098039215686407e+00 -9.597394878763809700e-01
1.257058823529411784e+00 -9.537205914853379429e-01
1.264019607843137383e+00 -9.476843690567912093e-01
1.270980392156862759e+00 -9.277031162844532330e-01
1.277941176470588358e+00 -9.152382997667409814e-01
1.284901960784313735e+00 -8.889678990883376208e-01
1.291862745098039333e+00 -8.589210330020029538e-01
1.298823529411764710e+00 -8.368545322742402259e-01
1.305784313725490309e+00 -7.860569002964853391e-01
1.312745098039215685e+00 -7.624222183376742068e-01
1.319705882352941284e+00 -7.079219053555780850e-01
1.326666666666666661e+00 -6.629513944929007474e-01
1.333627450980392259e+00 -6.230465210312633451e-01
1.340588235294117636e+00 -5.499190200086074842e-01
1.347549019607843235e+00 -5.180954291673294243e-01
1.354509803921568611e+00 -4.396388655692149983e-01
1.361470588235294210e+00 -3.888763749610807952e-01
1.368431372549019809e+00 -3.318904661698410807e-01
1.375392156862745185e+00 -2.487664502426824020e-01
1.382352941176470784e+00 -2.110297029494553334e-01
1.389313725490196161e+00 -1.175410814133717730e-01
1.396274509803921759e+00 -6.870325918543745969e-02
1.403235294117647136e+00 1.255873943229790513e-03
1.410196078431372735e+00 8.157856069585844860e-02
1.417156862745098111e+00 1.232640400301376338e-01
1.424117647058823710e+00 2.182297382091364923e-01
1.431078431372549087e+00 2.602758045536869846e-01
1.438039215686274686e+00 3.349733116640768449e-01
1.445000000000000062e+00 4.017403119447242599e-01
1.451960784313725661e+00 4.442679178541560359e-01
1.458921568627451038e+00 5.270889416590119891e-01
1.465882352941176636e+00 5.598823471115694783e-01
1.472843137254902013e+00 6.275336318960132997e-01
1.479803921568627612e+00 6.749770702279418444e-01
1.486764705882352988e+00 7.126950369606248614e-01
1.493725490196078587e+00 7.720238698340277095e-01
1.500686274509803964e+00 7.944780235269961466e-01
1.507647058823529562e+00 8.432479900550319263e-01
1.514607843137254939e+00 8.694345430022859533e-01
1.521568627450980538e+00 8.950186942222786435e-01
1.528529411764705914e+00 9.247667175078850832e-01
1.535490196078431513e+00 9.356384799737722524e-01
1.542450980392156890e+00 9.557602620941945126e-01
1.549411764705882488e+00 9.626660191531603017e-01
1.556372549019607865e+00 9.681591457451845795e-01
1.563333333333333464e+00 9.682008726183275460e-01
1.570294117647058840e+00 9.655321038453452687e-01
1.577254901960784439e+00 9.524316561757115718e-01
1.584215686274510038e+00 9.437338404089532506e-01
1.591176470588235414e+00 9.226368469358390279e-01
1.598137254901961013e+00 8.982185599387555452e-01
1.605098039215686390e+00 8.791786899448660320e-01
1.612058823529411988e+00 8.347203554841684525e-01
1.619019607843137365e+00 8.142010604973548560e-01
1.625980392156862964e+00 7.641618730843482421e-01
1.632941176470588340e+00 7.236933436222782179e-01
1.639901960784313939e+00 6.861954723946839252e-01
1.646862745098039316e+00 6.180122696782257563e-01
1.653823529411764914e+00 5.884595363755986686e-01
1.660784313725490291e+00 5.127845355602655975e-01
1.667745098039215890e+00 4.651449945080239901e-01
1.674705882352941266e+00 4.092235705900444387e-01
1.681666666666666865e+00 3.291899462861387349e-01
1.688627450980392242e+00 2.921962941223973931e-01
1.695588235294117840e+00 1.998285978337978053e-01
1.702549019607843217e+00 1.528611114807812421e-01
1.709509803921568816e+00 8.213983260251300766e-02
1.716470588235294192e+00 2.809755871313213138e-03
1.723431372549019791e+00 -3.932693427123507002e-02
1.730392156862745168e+00 -1.357599614628109963e-01
1.737352941176470766e+00 -1.773156292962572711e-01
1.744313725490196143e+00 -2.547475467256215542e-01
1.751274509803921742e+00 -3.223571990541783672e-01
1.758235294117647118e+00 -3.668777432694996232e-01
1.765196078431372717e+00 -4.532751161875912538e-01
1.772156862745098094e+00 -4.868278545988378170e-01
1.779117647058823692e+00 -5.593801645021215796e-01
1.786078431372549069e+00 -6.089178930963810021e-01
1.793039215686274668e+00 -6.503467165868745958e-01
1.800000000000000044e+00 -7.147651130814948184e-01
