2.500000000000000139e-02 9.421968092065647893e-01
3.196078431372549600e-02 9.097443270199524479e-01
3.892156862745098367e-02 8.918004103205001698e-01
4.588235294117647134e-02 8.430380682596478881e-01
5.284313725490196595e-02 8.166063434486341421e-01
5.980392156862745362e-02 7.706141464809872499e-01
6.676470588235294823e-02 7.181830745932999971e-01
7.372549019607843590e-02 6.858538778463978414e-01
8.068627450980392357e-02 6.109099206325400155e-01
8.764705882352941124e-02 5.769041626400390754e-01
9.460784313725489891e-02 5.065688622828019572e-01
1.015686274509804143e-01 4.450677414428511613e-01
1.085294117647059020e-01 3.985229276374633312e-01
1.154901960784313897e-01 3.085019452574895293e-01
1.224509803921568774e-01 2.708898107807224398e-01
1.294117647058823650e-01 1.830771411225750045e-01
1.363725490196078527e-01 1.225661204177225794e-01
1.433333333333333404e-01 6.410268647735906100e-02
1.502941176470588280e-01 -2.728200942505515370e-02
1.572549019607843157e-01 -6.579278514915498643e-02
1.642156862745098034e-01 -1.598854527250682112e-01
1.711764705882353188e-01 -2.117548683523140518e-01
1.781372549019608065e-01 -2.762259584879881991e-01
1.850980392156862941e-01 -3.561852942638650821e-01
1.920588235294117818e-01 -3.934181332188810831e-01
1.990196078431372695e-01 -4.797961526717653413e-01
2.059803921568627572e-01 -5.190416807159008439e-01
2.129411764705882448e-01 -5.806872047052875629e-01
2.199019607843137603e-01 -6.400278358355041552e-01
2.268627450980392479e-01 -6.725440763553339751e-01
2.338235294117647356e-01 -7.384065980615082125e-01
2.407843137254902233e-01 -7.638838308702098345e-01
2.477450980392157109e-01 -8.113385522523792748e-01
2.547058823529412264e-01 -8.458437968591212552e-01
2.616666666666667140e-01 -8.686535836079560813e-01
2.686274509803922017e-01 -9.048701413848582176e-01
2.755882352941176894e-01 -9.169222015538429638e-01
2.825490196078431770e-01 -9.396862478465459745e-01
2.895098039215686647e-01 -9.503075860878040793e-01
2.964705882352941524e-01 -9.571058862346280005e-01
3.034313725490196401e-01 -9.606707212035625609e-01
3.103921568627451832e-01 -9.594901458374837100e-01
3.173529411764706709e-01 -9.506064242658448515e-01
3.243137254901961586e-01 -9.416175370013033508e-01
3.312745098039216463e-01 -9.261670850596056548e-01
3.382352941176471339e-01 -9.004343673445390772e-01
3.451960784313726216e-01 -8.854190588501872350e-01
3.521568627450981093e-01 -8.436268694184106964e-01
3.591176470588235969e-01 -8.208316816410797800e-01
3.660784313725490846e-01 -7.793858397449996422e-01
3.730392156862745723e-01 -7.323874177209686032e-01
3.800000000000000600e-01 -7.024318067275682198e-01
3.869607843137255476e-01 -6.329552155935997959e-01
3.939215686274510353e-01 -6.015698763833166041e-01
4.008823529411765230e-01 -5.346005991581610495e-01
4.078431372549020106e-01 -4.770353346505014080e-01
4.148039215686275538e-01 -4.316816762179179201e-01
4.217647058823530415e-01 -3.453414277901784013e-01
4.287254901960785292e-01 -3.091028377852602094e-01
4.356862745098040168e-01 -2.226382686816554823e-01
4.426470588235295045e-01 -1.643387188428477863e-01
4.496078431372549922e-01 -1.059206938086221794e-01
4.565686274509804798e-01 -1.587618837718973719e-02
4.635294117647059675e-01 2.274947611846050988e-02
4.704901960784314552e-01 1.173969299581334447e-01
4.774509803921569429e-01 1.688722530031625535e-01
4.844117647058824305e-01 2.352059116063447419e-01
4.913725490196079182e-01 3.159748016723845643e-01
4.983333333333334059e-01 3.545470877615206073e-01
5.052941176470588935e-01 4.441544533465430211e-01
5.122549019607843812e-01 4.841412602475757554e-01
5.192156862745098689e-01 5.494179995679692174e-01
5.261764705882353566e-01 6.112892613154394805e-01
5.331372549019608442e-01 6.464751116874979386e-01
5.400980392156863319e-01 7.172341527298147223e-01
5.470588235294118196e-01 7.447454391415531116e-01
5.540196078431373072e-01 7.976400655406798990e-01
5.609803921568627949e-01 8.358153227910789518e-01
5.679411764705882826e-01 8.623859552453021493e-01
5.749019607843137702e-01 9.049505173943752645e-01
5.818627450980392579e-01 9.195547151175268441e-01
5.888235294117648566e-01 9.490135009484909068e-01
5.957843137254903443e-01 9.637569227780069525e-01
6.027450980392158320e-01 9.751044367458372442e-01
6.097058823529413196e-01 9.855898723418147211e-01
6.166666666666668073e-01 9.873176769114813123e-01
6.236274509803922950e-01 9.855713693321761504e-01
6.305882352941177826e-01 9.806818443996638823e-01
6.375490196078432703e-01 9.701359705729661886e-01
6.445098039215687580e-01 9.508067834176213706e-01
6.514705882352942456e-01 9.386726819903972174e-01
6.584313725490197333e-01 9.036662698299599006e-01
6.653921568627452210e-01 8.843619491251896170e-01
6.723529411764707087e-01 8.473995610994659033e-01
6.793137254901961963e-01 8.059046065637536227e-01
6.862745098039216840e-01 7.782828161412895795e-01
6.932352941176471717e-01 7.143760767723912330e-01
7.001960784313726593e-01 6.855108099024984636e-01
7.071568627450981470e-01 6.219866956231663302e-01
7.141176470588236347e-01 5.683838418819256999e-01
7.210784313725491224e-01 5.244615625571198425e-01
7.280392156862746100e-01 4.418579101726600733e-01
7.350000000000000977e-01 4.069028016046739582e-01
7.419607843137255854e-01 3.222655826831842818e-01
7.489215686274510730e-01 2.662147676150767306e-01
7.558823529411765607e-01 2.076555099759096468e-01
7.628431372549020484e-01 1.191389814699897465e-01
7.698039215686275361e-01 8.065208322388400797e-02
7.767647058823530237e-01 -1.475580151493049996e-02
7.837254901960785114e-01 -6.530089469441113792e-02
7.906862745098039991e-01 -1.335575231926759976e-01
7.976470588235294867e-01 -2.149234599101435550e-01
8.046078431372550854e-01 -2.547054407813263976e-01
8.115686274509805731e-01 -3.469560287331134307e-01
8.185294117647060608e-01 -3.880015755105730713e-01
8.254901960784315484e-01 -4.570294155239144063e-01
8.324509803921570361e-01 -5.210261057250846761e-01
8.394117647058825238e-01 -5.589550975611775607e-01
8.463725490196080115e-01 -6.346380286680151084e-01
8.533333333333334991e-01 -6.639762990156005129e-01
8.602941176470589868e-01 -7.224360291121578737e-01
8.672549019607844745e-01 -7.640882529954847735e-01
8.742156862745099621e-01 -7.948047254450658627e-01
8.811764705882354498e-01 -8.436039965841812815e-01
8.881372549019609375e-01 -8.608185553741894980e-01
8.950980392156864252e-01 -8.971297980259362870e-01
9.020588235294119128e-01 -9.160635984885583394e-01
9.090196078431374005e-01 -9.324010884268383315e-01
9.159803921568628882e-01 -9.497173939486633909e-01
9.229411764705883758e-01 -9.544663166506411889e-01
9.299019607843138635e-01 -9.604417597771103265e-01
9.368627450980393512e-01 -9.595325472252369536e-01
9.438235294117648388e-01 -9.544271859755000254e-01
9.507843137254903265e-01 -9.418756409504865923e-01
9.577450980392158142e-01 -9.327431933466088232e-01
9.647058823529413019e-01 -9.052929992777998258e-01
9.716666666666667895e-01 -8.894357079128121235e-01
9.786274509803922772e-01 -8.577114613785482566e-01
9.855882352941177649e-01 -8.220295568621895921e-01
9.925490196078432525e-01 -7.970789060805705262e-01
9.995098039215687402e-01 -7.397659781129064527e-01
1.006470588235294228e+00 -7.134980989346082492e-01
1.013431372549019605e+00 -6.544317109718853498e-01
1.020392156862745203e+00 -6.049693954714913113e-01
1.027352941176470580e+00 -5.628731787626435334e-01
1.034313725490196179e+00 -4.851019874448273539e-01
1.041274509803921555e+00 -4.516794135276489541e-01
1.048235294117647154e+00 -3.698626738524017910e-01
1.055196078431372531e+00 -3.163936388806173339e-01
1.062156862745098129e+00 -2.584965907010443598e-01
1.069117647058823506e+00 -1.725806892418987881e-01
1.076078431372549105e+00 -1.342084459274131558e-01
1.083039215686274481e+00 -3.975072418528785567e-02
1.090000000000000080e+00 1.012145835338623678e-02
1.096960784313725457e+00 7.941102239481523384e-02
1.103921568627451055e+00 1.602500823896503834e-01
1.110882352941176432e+00 2.012007111591612718e-01
1.117843137254902031e+00 2.949544952838954459e-01
1.124803921568627407e+00 3.367118304540663298e-01
1.131764705882353006e+00 4.086229435737319671e-01
1.138725490196078383e+00 4.743398053814050219e-01
1.145686274509803981e+00 5.144553718315563184e-01
1.152647058823529580e+00 5.938345478017892365e-01
1.159607843137254957e+00 6.250073043949201379e-01
1.166568627450980555e+00 6.882265250042884919e-01
1.173529411764705932e+00 7.327789398625853545e-01
1.180490196078431531e+00 7.670397539449483881e-01
1.187450980392156907e+00 8.212075594637124887e-01
1.194411764705882506e+00 8.411028573459504720e-01
1.201372549019607883e+00 8.836741806953332112e-01
1.208333333333333481e+00 9.062785232359523713e-01
1.215294117647058858e+00 9.271701894288523205e-01
1.222254901960784457e+00 9.507423461811987941e-01
1.229215686274509833e+00 9.586263862542429015e-01
1.236176470588235432e+00 9.715656356636499513e-01
1.243137254901960809e+00 9.746631760548745138e-01
1.250098039215686407e+00 9.746584232264563497e-01
1.257058823529411784e+00 9.683886662371120613e-01
1.264019607843137383e+00 9.624496152312312924e-01
1.270980392156862759e+00 9.419626316332295746e-01
1.277941176470588358e+00 9.297433323623580659e-01
1.284901960784313735e+00 9.030061958458681648e-01
1.291862745098039333e+00 8.729315422222085896e-01
1.298823529411764710e+00 8.509060365764126166e-01
1.305784313725490309e+00 7.996507626074889075e-01
1.312745098039215685e+00 7.762762125320306072e-01
1.319705882352941284e+00 7.213963908362678312e-01
1.326666666666666661e+00 6.762683484314433446e-01
1.333627450980392259e+00 6.363855088433066909e-01
1.340588235294117636e+00 5.628436737890928354e-01
1.347549019607843235e+00 5.313899391899472580e-01
1.354509803921568611e+00 4.522725865747184715e-01
1.361470588235294210e+00 4.016344278185274841e-01
1.368431372549019809e+00 3.444559968229179425e-01
1.375392156862745185e+00 2.610821866557624382e-01
1.382352941176470784e+00 2.234329472096400204e-01
1.389313725490196161e+00 1.293859401358689043e-01
1.396274509803921759e+00 8.087306416924017194e-02
1.403235294117647136e+00 1.038628398287777532e-02
1.410196078431372735e+00 -6.987049217124546852e-02
1.417156862745098111e+00 -1.114876283095757592e-01
1.424117647058823710e+00 -2.071065880515655655e-01
1.431078431372549087e+00 -2.487864651819365891e-01
1.438039215686274686e+00 -3.238047884967047430e-01
1.445000000000000062e+00 -3.907835456202081725e-01
1.451960784313725661e+00 -4.332989274108579036e-01
1.458921568627451038e+00 -5.167139888967444694e-01
1.465882352941176636e+00 -5.490121258712806762e-01
1.472843137254902013e+00 -6.171808113669308149e-01
1.479803921568627612e+00 -6.645433157771949428e-01
1.486764705882352988e+00 -7.024871996423651677e-01
1.493725490196078587e+00 -7.622100684242995028e-01
1.500686274509803964e+00 -7.842444230351360845e-01
1.507647058823529562e+00 -8.337036127902317517e-01
1.514607843137254939e+00 -8.596495375082897628e-01
1.521568627450980538e+00 -8.854670200275051029e-01
1.528529411764705914e+00 -9.155166548651849645e-01
1.535490196078431513e+00 -9.261506359693508772e-01
1.542450980392156890e+00 -9.468821748191058596e-01
1.549411764705882488e+00 -9.535196828427215943e-01
1.556372549019607865e+00 -9.594132719974128864e-01
1.563333333333333464e+00 -9.596060411159420545e-01
1.570294117647058840e+00 -9.567754708872184821e-01
1.577254901960784439e+00 -9.443069116225046855e-01
1.584215686274510038e+00 -9.352229473646468394e-01
1.591176470588235414e+00 -9.146405648913126241e-01
1.598137254901961013e+00 -8.902424215808196761e-01
1.605098039215686390e+00 -8.711781484132303799e-01
1.612058823529411988e+00 -8.272419217757651655e-01
1.619019607843137365e+00 -8.063380490576874671e-01
1.625980392156862964e+00 -7.569157264663615159e-01
1.632941176470588340e+00 -7.163549449982995476e-01
1.639901960784313939e+00 -6.789382786536712899e-01
1.646862745098039316e+00 -6.112041726364096927e-01
1.653823529411764914e+00 -5.812062177360477477e-01
1.660784313725490291e+00 -5.062125875806919861e-01
1.667745098039215890e+00 -4.584189321970090214e-01
1.674705882352941266e+00 -4.027480153447333677e-01
1.681666666666666865e+00 -3.229391083458855727e-01
1.688627450980392242e+00 -2.858789812826539878e-01
1.695588235294117840e+00 -1.940436556718064809e-01
1.702549019607843217e+00 -1.465496341420353676e-01
1.709509803921568816e+00 -7.636310139402008312e-02
1.716470588235294192e+00 2.674343260833156322e-03
1.723431372549019791e+00 4.509282765754513145e-02
1.730392156862745168e+00 1.408725626925639296e-01
1.737352941176470766e+00 1.828047253252073068e-01
1.744313725490196143e+00 2.596035354730159561e-01
1.751274509803921742e+00 3.273442003345196083e-01
1.758235294117647118e+00 3.718876744153941649e-01
1.765196078431372717e+00 4.576522172085288886e-01
1.772156862745098094e+00 4.916798379158611176e-01
1.779117647058823692e+00 5.635500827535855350e-01
1.786078431372549069e+00 6.132524318760927962e-01
1.793039215686274668e+00 6.544589836154764972e-01
1.800000000000000044e+00 7.186416896205053417e-01
