2.500000000000000139e-02 3.598343078225607616e-01
3.196078431372549600e-02 4.069507511222327789e-01
3.892156862745098367e-02 4.930503133287786888e-01
4.588235294117647134e-02 5.265687920326650451e-01
5.284313725490196595e-02 6.011263360609543360e-01
5.980392156862745362e-02 6.492502378605298219e-01
6.676470588235294823e-02 6.925518460371322682e-01
7.372549019607843590e-02 7.560065680789064269e-01
8.068627450980392357e-02 7.805534002529602722e-01
8.764705882352941124e-02 8.365538479208821654e-01
9.460784313725489891e-02 8.643830414976714227e-01
1.015686274509804143e-01 8.959945099267705437e-01
1.085294117647059020e-01 9.305360886083585692e-01
1.154901960784313897e-01 9.442863709213293877e-01
1.224509803921568774e-01 9.714501405067721418e-01
1.294117647058823650e-01 9.808252613823345012e-01
1.363725490196078527e-01 9.918279420189015649e-01
1.433333333333333404e-01 9.969091720264692258e-01
1.502941176470588280e-01 9.969952092429785750e-01
1.572549019607843157e-01 9.904088269073224593e-01
1.642156862745098034e-01 9.843620378888011668e-01
1.711764705882353188e-01 9.676358799276619793e-01
1.781372549019608065e-01 9.484039437275196827e-01
1.850980392156862941e-01 9.311088202460576779e-01
1.920588235294117818e-01 8.923374627443484419e-01
1.990196078431372695e-01 8.739534349331403718e-01
2.059803921568627572e-01 8.268191466289033231e-01
2.129411764705882448e-01 7.910918467681543609e-01
2.199019607843137603e-01 7.535900916958883089e-01
2.268627450980392479e-01 6.903425016670825531e-01
2.338235294117647356e-01 6.615738792467009688e-01
2.407843137254902233e-01 5.872330126970031206e-01
2.477450980392157109e-01 5.435002896105926018e-01
2.547058823529412264e-01 4.855166168679572181e-01
2.616666666666667140e-01 4.094158042808622722e-01
2.686274509803922017e-01 3.716156808446552939e-01
2.755882352941176894e-01 2.789852476599334330e-01
2.825490196078431770e-01 2.340285190919466629e-01
2.895098039215686647e-01 1.596252839038680427e-01
2.964705882352941524e-01 8.316267211478961530e-02
3.034313725490196401e-01 3.804331387536780129e-02
3.103921568627451832e-01 -5.962533216952309312e-02
3.173529411764706709e-01 -1.006120174611240259e-01
3.243137254901961586e-01 -1.834869893043185041e-01
3.312745098039216463e-01 -2.499018076270175803e-01
3.382352941176471339e-01 -2.989918049556491986e-01
3.451960784313726216e-01 -3.877079517756422122e-01
3.521568627450981093e-01 -4.225260798997473866e-01
3.591176470588235969e-01 -5.013385840076373112e-01
3.660784313725490846e-01 -5.511960873178491926e-01
3.730392156862745723e-01 -5.982058688197133822e-01
3.800000000000000600e-01 -6.660991424754142409e-01
3.869607843137255476e-01 -6.932386109947843433e-01
3.939215686274510353e-01 -7.550429825172597642e-01
4.008823529411765230e-01 -7.858914907777415637e-01
4.078431372549020106e-01 -8.225839530410399281e-01
4.148039215686275538e-01 -8.627001716755122729e-01
4.217647058823530415e-01 -8.795882077546870459e-01
4.287254901960785292e-01 -9.140294728364107835e-01
4.356862745098040168e-01 -9.268385959134946006e-01
4.426470588235295045e-01 -9.439300363731829568e-01
4.496078431372549922e-01 -9.550454183786387663e-01
4.565686274509804798e-01 -9.587406817048428342e-01
4.635294117647059675e-01 -9.598663277740548949e-01
4.704901960784314552e-01 -9.572507125433450392e-01
4.774509803921569429e-01 -9.470295374949345701e-01
4.844117647058824305e-01 -9.333904930908929476e-01
4.913725490196079182e-01 -9.198706324930998601e-01
4.983333333333334059e-01 -8.884057256994355445e-01
5.052941176470588935e-01 -8.729880889205512418e-01
5.122549019607843812e-01 -8.319617658422732154e-01
5.192156862745098689e-01 -8.009313645512368129e-01
5.261764705882353566e-01 -7.667581345869360909e-01
5.331372549019608442e-01 -7.095717156308551932e-01
5.400980392156863319e-01 -6.830284748097538161e-01
5.470588235294118196e-01 -6.136206931827051791e-01
5.540196078431373072e-01 -5.731035992267824453e-01
5.609803921568627949e-01 -5.175672164734376191e-01
5.679411764705882826e-01 -4.456192230269584997e-01
5.749019607843137702e-01 -4.090879024214151283e-01
5.818627450980392579e-01 -3.195286520102774697e-01
5.888235294117648566e-01 -2.764830787287217428e-01
5.957843137254903443e-01 -2.028444685807811454e-01
6.027450980392158320e-01 -1.284239878178261018e-01
6.097058823529413196e-01 -8.311773747008932567e-02
6.166666666666668073e-01 1.369675150603483216e-02
6.236274509803922950e-01 5.448983909264920600e-02
6.305882352941177826e-01 1.384213224725351354e-01
6.375490196078432703e-01 2.044885463354720323e-01
6.445098039215687580e-01 2.553296017488374536e-01
6.514705882352942456e-01 3.454917198316321825e-01
6.584313725490197333e-01 3.812565603880308518e-01
6.653921568627452210e-01 4.634219706730827726e-01
6.723529411764707087e-01 5.146296303387174476e-01
6.793137254901961963e-01 5.649598388135266269e-01
6.862745098039216840e-01 6.362858319107100868e-01
6.932352941176471717e-01 6.652735197173093029e-01
7.001960784313726593e-01 7.324790194441156421e-01
7.071568627450981470e-01 7.658085723720465809e-01
7.141176470588236347e-01 8.072068143958914810e-01
7.210784313725491224e-01 8.521208138298805856e-01
7.280392156862746100e-01 8.719602253582769968e-01
7.350000000000000977e-01 9.131342341169579324e-01
7.419607843137255854e-01 9.289814705300099007e-01
7.489215686274510730e-01 9.518390012459708727e-01
7.558823529411765607e-01 9.683377804114368104e-01
7.628431372549020484e-01 9.756040734569585426e-01
7.698039215686275361e-01 9.840453318442358155e-01
7.767647058823530237e-01 9.846269843852537562e-01
7.837254901960785114e-01 9.806235528493439935e-01
7.906862745098039991e-01 9.722853729374467679e-01
7.976470588235294867e-01 9.624119686384978722e-01
8.046078431372550854e-01 9.380512255806630062e-01
8.115686274509805731e-01 9.255139668653298290e-01
8.185294117647060608e-01 8.904610963453113426e-01
8.254901960784315484e-01 8.639099945709518558e-01
8.324509803921570361e-01 8.331274060699024320e-01
8.394117647058825238e-01 7.819001624390813365e-01
8.463725490196080115e-01 7.575120936697085083e-01
8.533333333333334991e-01 6.929663347561647591e-01
8.602941176470589868e-01 6.559811671102064867e-01
8.672549019607844745e-01 6.027170270976873745e-01
8.742156862745099621e-01 5.351309209020301827e-01
8.811764705882354498e-01 4.998189077170840378e-01
8.881372549019609375e-01 4.133970930451738579e-01
8.950980392156864252e-01 3.725174522637331176e-01
9.020588235294119128e-01 2.995103848354422338e-01
9.090196078431374005e-01 2.274947103089641209e-01
9.159803921568628882e-01 1.823525178289978066e-01
9.229411764705883758e-01 8.612093732897091458e-02
9.299019607843138635e-01 4.616414586279182775e-02
9.368627450980393512e-01 -3.891039472866281157e-02
9.438235294117648388e-01 -1.047600279737289641e-01
9.507843137254903265e-01 -1.568421759093395207e-01
9.577450980392158142e-01 -2.485314397375957829e-01
9.647058823529413019e-01 -2.851146000209552334e-01
9.716666666666667895e-01 -3.704838750239892176e-01
9.786274509803922772e-01 -4.227488368315844847e-01
9.855882352941177649e-01 -4.763630261009823008e-01
9.925490196078432525e-01 -5.510788747857591208e-01
9.995098039215687402e-01 -5.820528106114277733e-01
1.006470588235294228e+00 -6.549288666476454912e-01
1.013431372549019605e+00 -6.903324685989671305e-01
1.020392156862745203e+00 -7.364451924713993902e-01
1.027352941176470580e+00 -7.860987188020444050e-01
1.034313725490196179e+00 -8.089399205241083468e-01
1.041274509803921555e+00 -8.569843978081097546e-01
1.048235294117647154e+00 -8.757272328085492497e-01
1.055196078431372531e+00 -9.047000467966134218e-01
1.062156862745098129e+00 -9.267596944109179891e-01
1.069117647058823506e+00 -9.376630771370908501e-01
1.076078431372549105e+00 -9.538551533592642961e-01
1.083039215686274481e+00 -9.574126904220769951e-01
1.090000000000000080e+00 -9.604074130378106311e-01
1.096960784313725457e+00 -9.572807379079200096e-01
1.103921568627451055e+00 -9.515734965230094877e-01
1.110882352941176432e+00 -9.347555443005078901e-01
1.117843137254902031e+00 -9.250414712712801135e-01
1.124803921568627407e+00 -8.968684873356910225e-01
1.131764705882353006e+00 -8.748706619950537000e-01
1.138725490196078383e+00 -8.480655906981485748e-01
1.145686274509803981e+00 -8.034409454797117878e-01
1.152647058823529580e+00 -7.813982429589598766e-01
1.159607843137254957e+00 -7.228475821205966323e-01
1.166568627450980555e+00 -6.891042606205693977e-01
1.173529411764705932e+00 -6.392519390636570709e-01
1.180490196078431531e+00 -5.765645585550618346e-01
1.187450980392156907e+00 -5.427149573597762622e-01
1.194411764705882506e+00 -4.605383757582325321e-01
1.201372549019607883e+00 -4.216636905124650503e-01
1.208333333333333481e+00 -3.507848567061516709e-01
1.215294117647058858e+00 -2.817800771846807328e-01
1.222254901960784457e+00 -2.367762159272322475e-01
1.229215686274509833e+00 -1.428422341368019710e-01
1.236176470588235432e+00 -1.032466907383293164e-01
1.243137254901960809e+00 -1.826129921719488181e-02
1.250098039215686407e+00 4.632702152552931052e-02
1.257058823529411784e+00 9.969541735636794355e-02
1.264019607843137383e+00 1.915530043820363737e-01
1.270980392156862759e+00 2.289259538741410527e-01
1.277941176470588358e+00 3.164217933894277190e-01
1.284901960784313735e+00 3.693872431331953754e-01
1.291862745098039333e+00 4.255350118967832218e-01
1.298823529411764710e+00 5.026447280831292108e-01
1.305784313725490309e+00 5.355705806609460939e-01
1.312745098039215685e+00 6.122996385986360091e-01
1.319705882352941284e+00 6.498407808721751167e-01
1.326666666666666661e+00 7.002463791763620105e-01
1.333627450980392259e+00 7.539192515265357164e-01
1.340588235294117636e+00 7.797072844211162534e-01
1.347549019607843235e+00 8.336673647414115651e-01
1.354509803921568611e+00 8.552151853927768554e-01
1.361470588235294210e+00 8.896203727514099269e-01
1.368431372549019809e+00 9.165666715209059845e-01
1.375392156862745185e+00 9.311576409672561727e-01
1.382352941176470784e+00 9.541725127633193804e-01
1.389313725490196161e+00 9.609811407319416299e-01
1.396274509803921759e+00 9.701348692368344517e-01
1.403235294117647136e+00 9.721300591698005533e-01
1.410196078431372735e+00 9.704608935697726091e-01
1.417156862745098111e+00 9.605892600993783947e-01
1.424117647058823710e+00 9.540212147680992016e-01
1.431078431372549087e+00 9.321016229917836737e-01
1.438039215686274686e+00 9.147160009532818714e-01
1.445000000000000062e+00 8.917878060449404565e-01
1.451960784313725661e+00 8.533843684583588551e-01
1.458921568627451038e+00 8.340916841847136887e-01
1.465882352941176636e+00 7.809970431810875358e-01
1.472843137254902013e+00 7.510437025033964709e-01
1.479803921568627612e+00 7.041961211586371672e-01
1.486764705882352988e+00 6.464643573163080248e-01
1.493725490196078587e+00 6.143442263283591664e-01
1.500686274509803964e+00 5.361366082501732855e-01
1.507647058823529562e+00 4.998448173717652820e-01
1.514607843137254939e+00 4.304479708649006087e-01
1.521568627450980538e+00 3.647233321830031239e-01
1.528529411764705914e+00 3.203836840289846499e-01
1.535490196078431513e+00 2.281809420173352421e-01
1.542450980392156890e+00 1.900244350620263756e-01
1.549411764705882488e+00 1.048440105633416941e-01
1.556372549019607865e+00 4.143122331400805880e-02
1.563333333333333464e+00 -1.272937000151691533e-02
1.570294117647058840e+00 -1.049817206431948868e-01
1.577254901960784439e+00 -1.423689828164693694e-01
1.584215686274510038e+00 -2.324333142625904514e-01
1.591176470588235414e+00 -2.855929518116776533e-01
1.598137254901961013e+00 -3.445079960139972308e-01
1.605098039215686390e+00 -4.239490918780933204e-01
1.612058823529411988e+00 -4.582573091624327355e-01
1.619019607843137365e+00 -5.398741816093663992e-01
1.625980392156862964e+00 -5.787350619444096012e-01
1.632941176470588340e+00 -6.336678144780479860e-01
1.639901960784313939e+00 -6.912510161610929682e-01
1.646862745098039316e+00 -7.196273647305414523e-01
1.653823529411764914e+00 -7.799606473100004767e-01
1.660784313725490291e+00 -8.037216652706590247e-01
1.667745098039215890e+00 -8.443603167440916213e-01
1.674705882352941266e+00 -8.759588102470466930e-01
1.681666666666666865e+00 -8.942299909309188166e-01
1.688627450980392242e+00 -9.247501367159463026e-01
1.695588235294117840e+00 -9.340574066883594595e-01
1.702549019607843217e+00 -9.504903716346468912e-01
1.709509803921568816e+00 -9.573094656273852809e-01
1.716470588235294192e+00 -9.599470885501923956e-01
1.723431372549019791e+00 -9.577280525615859963e-01
1.730392156862745168e+00 -9.537656106335300477e-01
1.737352941176470766e+00 -9.394251190491388348e-01
1.744313725490196143e+00 -9.263069717912592038e-01
1.751274509803921742e+00 -9.079591736354024611e-01
1.758235294117647118e+00 -8.764419401399334841e-01
1.765196078431372717e+00 -8.594944298762206003e-01
1.772156862745098094e+00 -8.133576099813539795e-01
1.779117647058823692e+00 -7.867000355128642708e-01
1.786078431372549069e+00 -7.439885722120963552e-01
1.793039215686274668e+00 -6.917447719186736732e-01
1.800000000000000044e+00 -6.613946461024047263e-01
