2.500000000000000139e-02 -3.209655511654689874e-01
3.196078431372549600e-02 -3.682614308899464506e-01
3.892156862745098367e-02 -4.543761846297982299e-01
4.588235294117647134e-02 -4.882323368027960964e-01
5.284313725490196595e-02 -5.628135909443214846e-01
5.980392156862745362e-02 -6.109609213187439103e-01
6.676470588235294823e-02 -6.544556899942342021e-01
7.372549019607843590e-02 -7.180010492791162324e-01
8.068627450980392357e-02 -7.427902253938106769e-01
8.764705882352941124e-02 -7.989167630784982377e-01
9.460784313725489891e-02 -8.268573469799118669e-01
1.015686274509804143e-01 -8.587214442974671069e-01
1.085294117647059020e-01 -8.932883800987555523e-01
1.154901960784313897e-01 -9.071917827142865765e-01
1.224509803921568774e-01 -9.344182478366952482e-01
1.294117647058823650e-01 -9.439906207196534504e-01
1.363725490196078527e-01 -9.550920745638952214e-01
1.433333333333333404e-01 -9.603044387999122300e-01
1.502941176470588280e-01 -9.605683097339750010e-01
1.572549019607843157e-01 -9.540527989422433741e-01
1.642156862745098034e-01 -9.482075344449224508e-01
1.711764705882353188e-01 -9.315805910644723298e-01
1.781372549019608065e-01 -9.124882351762462207e-01
1.850980392156862941e-01 -8.953472271218184675e-01
1.920588235294117818e-01 -8.566716371665703544e-01
1.990196078431372695e-01 -8.384690903294023112e-01
2.059803921568627572e-01 -7.914305093653650758e-01
2.129411764705882448e-01 -7.558735444964552741e-01
2.199019607843137603e-01 -7.185141834335729838e-01
2.268627450980392479e-01 -6.553774677588330988e-01
2.338235294117647356e-01 -6.267160416038953796e-01
2.407843137254902233e-01 -5.524942853257309716e-01
2.477450980392157109e-01 -5.089505224295775010e-01
2.547058823529412264e-01 -4.510779870039568484e-01
2.616666666666667140e-01 -3.751397511503956061e-01
2.686274509803922017e-01 -3.374933177786479388e-01
2.755882352941176894e-01 -2.448211686322552816e-01
2.825490196078431770e-01 -2.002101870438446896e-01
2.895098039215686647e-01 -1.258789015310498582e-01
2.964705882352941524e-01 -4.952467316181624613e-02
3.034313725490196401e-01 -4.671515536749992759e-03
3.103921568627451832e-01 9.295335507076996073e-02
3.173529411764706709e-01 1.339193452493755432e-01
3.243137254901961586e-01 2.164678255147517993e-01
3.312745098039216463e-01 2.827730931447962615e-01
3.382352941176471339e-01 3.317441948941441954e-01
3.451960784313726216e-01 4.203547089554067195e-01
3.521568627450981093e-01 4.550555808975788596e-01
3.591176470588235969e-01 5.337033100817698550e-01
3.660784313725490846e-01 5.833844699214578711e-01
3.730392156862745723e-01 6.303550306881282594e-01
3.800000000000000600e-01 6.980740598469777902e-01
3.869607843137255476e-01 7.250804438208712233e-01
3.939215686274510353e-01 7.867362017371453131e-01
4.008823529411765230e-01 8.174863837742353256e-01
4.078431372549020106e-01 8.539811366543370585e-01
4.148039215686275538e-01 8.939531627217680576e-01
4.217647058823530415e-01 9.107497260826984409e-01
4.287254901960785292e-01 9.451105811296789394e-01
4.356862745098040168e-01 9.577484444477333270e-01
4.426470588235295045e-01 9.746581427077750659e-01
4.496078431372549922e-01 9.856725445078872161e-01
4.565686274509804798e-01 9.892348625689854069e-01
4.635294117647059675e-01 9.901719418846823828e-01
4.704901960784314552e-01 9.874812456800170501e-01
4.774509803921569429e-01 9.770524790545881411e-01
4.844117647058824305e-01 9.633219945668689554e-01
4.913725490196079182e-01 9.496734113108855624e-01
4.983333333333334059e-01 9.180298736267408222e-01
5.052941176470588935e-01 9.025444092847463295e-01
5.122549019607843812e-01 8.612998247969182453e-01
5.192156862745098689e-01 8.301551981354428067e-01
5.261764705882353566e-01 7.958802338884300998e-01
5.331372549019608442e-01 7.385129149219080702e-01
5.400980392156863319e-01 7.119102002906915194e-01
5.470588235294118196e-01 6.422098433034626463e-01
5.540196078431373072e-01 6.017234843361997099e-01
5.609803921568627949e-01 5.459085789790584231e-01
5.679411764705882826e-01 4.739464346232153402e-01
5.749019607843137702e-01 4.372098204912773789e-01
5.818627450980392579e-01 3.475158807661749005e-01
5.888235294117648566e-01 3.045450482287776484e-01
5.957843137254903443e-01 2.305561326218803497e-01
6.027450980392158320e-01 1.561050010355902740e-01
6.097058823529413196e-01 1.106615272174145681e-01
6.166666666666668073e-01 1.351755277666033539e-02
6.236274509803922950e-01 -2.726857752410744018e-02
6.305882352941177826e-01 -1.114184709072743584e-01
6.375490196078432703e-01 -1.775190425409156614e-01
6.445098039215687580e-01 -2.284099993781683602e-01
6.514705882352942456e-01 -3.188972937460633483e-01
6.584313725490197333e-01 -3.547334991629693124e-01
6.653921568627452210e-01 -4.370938328457392164e-01
6.723529411764707087e-01 -4.883541074463398357e-01
6.793137254901961963e-01 -5.388443795432218408e-01
6.862745098039216840e-01 -6.103748677375815390e-01
6.932352941176471717e-01 -6.393578183405224102e-01
7.001960784313726593e-01 -7.067718959473830997e-01
7.071568627450981470e-01 -7.402100553327011223e-01
7.141176470588236347e-01 -7.817556437140331660e-01
7.210784313725491224e-01 -8.268658146473418791e-01
7.280392156862746100e-01 -8.467368276699064333e-01
7.350000000000000977e-01 -8.882706599775620493e-01
7.419607843137255854e-01 -9.040191098174167328e-01
7.489215686274510730e-01 -9.270542827593396540e-01
7.558823529411765607e-01 -9.437696655096600162e-01
7.628431372549020484e-01 -9.510960453830292760e-01
7.698039215686275361e-01 -9.598323945898231679e-01
7.767647058823530237e-01 -9.603414149768495500e-01
7.837254901960785114e-01 -9.565547841783917926e-01
7.906862745098039991e-01 -9.483535696180094288e-01
7.976470588235294867e-01 -9.385719680024841027e-01
8.046078431372550854e-01 -9.144920559787105274e-01
8.115686274509805731e-01 -9.018900450470452856e-01
8.185294117647060608e-01 -8.671812826962461696e-01
8.254901960784315484e-01 -8.406192799509615288e-01
8.324509803921570361e-01 -8.099699625208452991e-01
8.394117647058825238e-01 -7.590167905082656485e-01
8.463725490196080115e-01 -7.345338737303170884e-01
8.533333333333334991e-01 -6.704695857656541857e-01
8.602941176470589868e-01 -6.333538973886568835e-01
8.672549019607844745e-01 -5.802956754133470341e-01
8.742156862745099621e-01 -5.128788073491428179e-01
8.811764705882354498e-01 -4.775694719687238465e-01
8.881372549019609375e-01 -3.913200064324157124e-01
8.950980392156864252e-01 -3.504906903952929031e-01
9.020588235294119128e-01 -2.777641788377810950e-01
9.090196078431374005e-01 -2.060443473703506556e-01
9.159803921568628882e-01 -1.607489559436354742e-01
9.229411764705883758e-01 -6.495401946077489219e-02
9.299019607843138635e-01 -2.486889698575361907e-02
9.368627450980393512e-01 5.985899043417042265e-02
9.438235294117648388e-01 1.256167564887826216e-01
9.507843137254903265e-01 1.778081571787373250e-01
9.577450980392158142e-01 2.692523930987524294e-01
9.647058823529413019e-01 3.057546028402840510e-01
9.716666666666667895e-01 3.907875324878924972e-01
9.786274509803922772e-01 4.431685506727345847e-01
9.855882352941177649e-01 4.964746154576865633e-01
9.925490196078432525e-01 5.709567555842165465e-01
9.995098039215687402e-01 6.020307432588914986e-01
1.006470588235294228e+00 6.742308803942906881e-01
1.013431372549019605e+00 7.099366046378967621e-01
1.020392156862745203e+00 7.558718827427314269e-01
1.027352941176470580e+00 8.054526757326898601e-01
1.034313725490196179e+00 8.282021317456722542e-01
1.041274509803921555e+00 8.758407204577969285e-01
1.048235294117647154e+00 8.947111259617122059e-01
1.055196078431372531e+00 9.234681138902857134e-01
1.062156862745098129e+00 9.453152810520274452e-01
1.069117647058823506e+00 9.562136433723775752e-01
1.076078431372549105e+00 9.719568656657188166e-01
1.083039215686274481e+00 9.757483611053411332e-01
1.090000000000000080e+00 9.783164529255823361e-01
1.096960784313725457e+00 9.752210096304305686e-01
1.103921568627451055e+00 9.693205363916090889e-01
1.110882352941176432e+00 9.522419875137828615e-01
1.117843137254902031e+00 9.426855566031518974e-01
1.124803921568627407e+00 9.141075295717947524e-01
1.131764705882353006e+00 8.921405736734124847e-01
1.138725490196078383e+00 8.651851888742292385e-01
1.145686274509803981e+00 8.202736942063167946e-01
1.152647058823529580e+00 7.983842058774188732e-01
1.159607843137254957e+00 7.393359277552772335e-01
1.166568627450980555e+00 7.057388012776950603e-01
1.173529411764705932e+00 6.555453742689369978e-01
1.180490196078431531e+00 5.927541367964588304e-01
1.187450980392156907e+00 5.589822477398729283e-01
1.194411764705882506e+00 4.763790333939536548e-01
1.201372549019607883e+00 4.376458690172767563e-01
1.208333333333333481e+00 3.662712976592965020e-01
1.215294117647058858e+00 2.973379992734011545e-01
1.222254901960784457e+00 2.522599473973480833e-01
1.229215686274509833e+00 1.578551450178203308e-01
1.236176470588235432e+00 1.185775373279960299e-01
1.243137254901960809e+00 3.328805204364149173e-02
1.250098039215686407e+00 -3.149899245032478090e-02
1.257058823529411784e+00 -8.488677242871994766e-02
1.264019607843137383e+00 -1.770955665381381272e-01
1.270980392156862759e+00 -2.142089719961952077e-01
1.277941176470588358e+00 -3.022511300690884917e-01
1.284901960784313735e+00 -3.551846443697937450e-01
1.291862745098039333e+00 -4.114555123044916218e-01
1.298823529411764710e+00 -4.888786262605923638e-01
1.305784313725490309e+00 -5.215430118310624419e-01
1.312745098039215685e+00 -5.989744413631976627e-01
1.319705882352941284e+00 -6.362156961606583172e-01
1.326666666666666661e+00 -6.868921835767536344e-01
1.333627450980392259e+00 -7.407713984117459960e-01
1.340588235294117636e+00 -7.664469431075335848e-01
1.347549019607843235e+00 -8.209098123903020294e-01
1.354509803921568611e+00 -8.422034195003624824e-01
1.361470588235294210e+00 -8.771654944836204670e-01
1.368431372549019809e+00 -9.040410884157513705e-01
1.375392156862745185e+00 -9.186071726327936782e-01
1.382352941176470784e+00 -9.421174780057890441e-01
1.389313725490196161e+00 -9.486294814397329134e-01
1.396274509803921759e+00 -9.583048101021582887e-01
1.403235294117647136e+00 -9.602373899292022674e-01
1.410196078431372735e+00 -9.586598109861249606e-01
1.417156862745098111e+00 -9.492080462254159912e-01
1.424117647058823710e+00 -9.423338279883843871e-01
1.431078431372549087e+00 -9.210109057960237378e-01
1.438039215686274686e+00 -9.034095582620110809e-01
1.445000000000000062e+00 -8.807525453464306597e-01
1.451960784313725661e+00 -8.426165291403233670e-01
1.458921568627451038e+00 -8.230921087902252076e-01
1.465882352941176636e+00 -7.706345543591002212e-01
1.472843137254902013e+00 -7.403885677358095219e-01
1.479803921568627612e+00 -6.938986052520894621e-01
1.486764705882352988e+00 -6.363018682833772033e-01
1.493725490196078587e+00 -6.040097293183771532e-01
1.500686274509803964e+00 -5.264519952925926782e-01
1.507647058823529562e+00 -4.898017615842474859e-01
1.514607843137254939e+00 -4.209653101461417468e-01
1.521568627450980538e+00 -3.552232376361730837e-01
1.528529411764705914e+00 -3.109444493031747747e-01
1.535490196078431513e+00 -2.191687531377388698e-01
1.542450980392156890e+00 -1.804905038641032022e-01
1.549411764705882488e+00 -9.610317034796322933e-02
1.556372549019607865e+00 -3.259323675527320274e-02
1.563333333333333464e+00 2.162452924053459569e-02
1.570294117647058840e+00 1.134701803166799916e-01
1.577254901960784439e+00 1.510449137203468406e-01
1.584215686274510038e+00 2.405556356126644091e-01
1.591176470588235414e+00 2.938904513843822452e-01
1.598137254901961013e+00 3.525126416168870014e-01
1.605098039215686390e+00 4.317019816694346868e-01
1.612058823529411988e+00 4.663446204633048819e-01
1.619019607843137365e+00 5.470579744624358698e-01
1.625980392156862964e+00 5.863889900961591906e-01
1.632941176470588340e+00 6.408960012623123870e-01
1.639901960784313939e+00 6.982749792486192542e-01
1.646862745098039316e+00 7.269399832068806910e-01
1.653823529411764914e+00 7.865677499806038586e-01
1.660784313725490291e+00 8.107071132815596437e-01
1.667745098039215890e+00 8.509645476793117336e-01
1.674705882352941266e+00 8.823912341226785028e-01
1.681666666666666865e+00 9.007833371196350969e-01
1.688627450980392242e+00 9.306690737457614659e-01
1.695588235294117840e+00 9.404186994836880586e-01
1.702549019607843217e+00 9.562652199165692091e-01
1.709509803921568816e+00 9.631636154034300956e-01
1.716470588235294192e+00 9.656323619407893855e-01
1.723431372549019791e+00 9.630055131490876663e-01
1.730392156862745168e+00 9.594366977717616596e-01
1.737352941176470766e+00 9.444118327611619179e-01
1.744313725490196143e+00 9.315561604835562726e-01
1.751274509803921742e+00 9.129550738809885102e-01
1.758235294117647118e+00 8.811300303719238336e-01
1.765196078431372717e+00 8.644743278681614740e-01
1.772156862745098094e+00 8.176420099417239795e-01
1.779117647058823692e+00 7.913366821087417513e-01
1.786078431372549069e+00 7.481745838049735919e-01
1.793039215686274668e+00 6.957676900114904139e-01
1.800000000000000044e+00 6.656514647967577414e-01
